
 contact droite:[]
 contact gauche[]
 ################
 contact droite:[]
 contact gauche[]
 ################
 contact droite:[]
 contact gauche[]
 ################
 contact droite:[]
 contact gauche[]
 ################
 contact droite:[]
 contact gauche[]
 ################
 contact droite:[]
 contact gauche[(array([-0.01005127,  0.10708827,  0.01000011]), array([ 1.00000000e+00, -2.13076086e-09,  1.08805690e-05,  2.13076086e-09,
        1.00000000e+00,  2.31838905e-14, -1.08805690e-05, -3.15544362e-30,
        1.00000000e+00]), array([ 0.10142054, -0.00678067, -0.0359609 ,  0.        ,  0.        ,
        0.        ]))]
 ################
 contact droite:[(array([0.00983101, 0.10698862, 0.01003607]), array([-9.99986375e-01, -3.67220014e-03,  3.70996078e-03, -3.67217487e-03,
        9.99993257e-01,  1.36238104e-05, -3.70998579e-03,  0.00000000e+00,
       -9.99993118e-01]), array([ 0.48375664, -0.01451558,  0.0056996 ,  0.        ,  0.        ,
        0.        ]))]
 contact gauche[(array([-0.00965781,  0.10698172,  0.00996377]), array([ 9.99986375e-01,  3.67220014e-03, -3.70996078e-03, -3.67217487e-03,
        9.99993257e-01,  1.36238104e-05,  3.70998579e-03,  0.00000000e+00,
        9.99993118e-01]), array([ 0.45790627, -0.01567785,  0.00978685,  0.        ,  0.        ,
        0.        ]))]
 ################
 contact droite:[(array([0.00950724, 0.10688304, 0.01002495]), array([-9.99989300e-01, -3.78888281e-03,  2.65401849e-03, -3.78886947e-03,
        9.99992822e-01,  1.00558372e-05, -2.65403754e-03,  0.00000000e+00,
       -9.99996478e-01]), array([ 0.98405841, -0.01111217,  0.00266379,  0.        ,  0.        ,
        0.        ]))]
 contact gauche[(array([-0.00934203,  0.10688143,  0.00997493]), array([ 9.99989300e-01,  3.78888281e-03, -2.65401849e-03, -3.78886947e-03,
        9.99992822e-01,  1.00558372e-05,  2.65403754e-03,  0.00000000e+00,
        9.99996478e-01]), array([ 0.98017056, -0.01524194,  0.00988997,  0.        ,  0.        ,
        0.        ]))]
 ################
 contact droite:[(array([0.00916898, 0.10682235, 0.0100108 ]), array([-9.99993372e-01, -3.44135665e-03,  1.18866445e-03, -3.44135422e-03,
        9.99994079e-01,  4.09064254e-06, -1.18867149e-03,  0.00000000e+00,
       -9.99999294e-01]), array([ 1.24866769e+00, -7.01404792e-03,  4.62855326e-04,  0.00000000e+00,
        0.00000000e+00,  0.00000000e+00]))]
 contact gauche[(array([-0.00902925,  0.10681423,  0.00998917]), array([ 9.99993372e-01,  3.44135665e-03, -1.18866445e-03, -3.44135422e-03,
        9.99994079e-01,  4.09064254e-06,  1.18867149e-03,  0.00000000e+00,
        9.99999294e-01]), array([ 1.24657877, -0.01051119,  0.00543983,  0.        ,  0.        ,
        0.        ]))]
 ################
 contact droite:[(array([0.00883389, 0.10679467, 0.01000384]), array([-9.99994935e-01, -3.15237636e-03,  4.38619865e-04, -3.15237606e-03,
        9.99995031e-01,  1.38270176e-06, -4.38622044e-04, -2.11758237e-22,
       -9.99999904e-01]), array([ 1.51295059e+00, -2.37714896e-03,  2.71931793e-05,  0.00000000e+00,
        0.00000000e+00,  0.00000000e+00]))]
 contact gauche[(array([-0.00870684,  0.10678072,  0.00999615]), array([ 9.99994935e-01,  3.15237636e-03, -4.38619865e-04, -3.15237606e-03,
        9.99995031e-01,  1.38270176e-06,  4.38622044e-04,  0.00000000e+00,
        9.99999904e-01]), array([ 1.51141014, -0.00527614,  0.00251738,  0.        ,  0.        ,
        0.        ]))]
 ################
 contact droite:[(array([0.00850031, 0.1067952 , 0.01000073]), array([-9.99995847e-01, -2.88070991e-03,  8.62622017e-05, -2.88070990e-03,
        9.99995851e-01,  2.48497411e-07, -8.62625596e-05,  0.00000000e+00,
       -9.99999996e-01]), array([1.77472704e+00, 2.09228210e-03, 5.93005710e-05, 0.00000000e+00,
       0.00000000e+00, 0.00000000e+00]))]
 contact gauche[(array([-0.0083809 ,  0.10677625,  0.00999927]), array([ 9.99995847e-01,  2.88070991e-03, -8.62622017e-05, -2.88070990e-03,
        9.99995851e-01,  2.48497411e-07,  8.62625596e-05,  0.00000000e+00,
        9.99999996e-01]), array([ 1.77348697e+00, -1.90812674e-04,  7.79586835e-04,  0.00000000e+00,
        0.00000000e+00,  0.00000000e+00]))]
 ################
 contact droite:[(array([0.00816922, 0.10681996, 0.00999962]), array([-9.99996511e-01, -2.64107040e-03, -4.69593440e-05, -2.64107039e-03,
        9.99996512e-01, -1.24023366e-07,  4.69595078e-05,  2.64697796e-23,
       -9.99999999e-01]), array([2.03270749e+00, 6.24636406e-03, 2.80902780e-04, 0.00000000e+00,
       0.00000000e+00, 0.00000000e+00]))]
 contact gauche[(array([-0.00805463,  0.10679719,  0.01000038]), array([ 9.99996511e-01,  2.64107040e-03,  4.69593440e-05, -2.64107039e-03,
        9.99996512e-01, -1.24023366e-07, -4.69595078e-05, -2.64697796e-23,
        9.99999999e-01]), array([ 2.03168462e+00,  4.56252925e-03, -1.62894751e-04,  0.00000000e+00,
        0.00000000e+00,  0.00000000e+00]))]
 ################
 contact droite:[(array([0.00784182, 0.10686567, 0.00999939]), array([-9.99997006e-01, -2.44595443e-03, -7.78489825e-05, -2.44595442e-03,
        9.99997009e-01, -1.90415633e-07,  7.78492153e-05, -2.64697796e-23,
       -9.99999997e-01]), array([2.28583292e+00, 1.00269338e-02, 5.27688259e-04, 0.00000000e+00,
       0.00000000e+00, 0.00000000e+00]))]
 contact gauche[(array([-0.00773051,  0.1068403 ,  0.01000061]), array([ 9.99997006e-01,  2.44595443e-03,  7.78489825e-05, -2.44595442e-03,
        9.99997009e-01, -1.90415633e-07, -7.78492153e-05,  2.64697796e-23,
        9.99999997e-01]), array([ 2.28499807e+00,  8.86846508e-03, -6.38435349e-04,  0.00000000e+00,
        0.00000000e+00,  0.00000000e+00]))]
 ################
 contact droite:[(array([0.00751935, 0.10692948, 0.00999947]), array([-9.99997354e-01, -2.29942695e-03, -7.07142408e-05, -2.29942694e-03,
        9.99997356e-01, -1.62602661e-07,  7.07144277e-05,  0.00000000e+00,
       -9.99999997e-01]), array([2.53323662e+00, 1.34170130e-02, 7.19342751e-04, 0.00000000e+00,
       0.00000000e+00, 0.00000000e+00]))]
 contact gauche[(array([-0.00741048,  0.10690265,  0.01000053]), array([ 9.99997354e-01,  2.29942695e-03,  7.07142408e-05, -2.29942694e-03,
        9.99997356e-01, -1.62602661e-07, -7.07144277e-05,  0.00000000e+00,
        9.99999997e-01]), array([ 2.53256417e+00,  1.26778778e-02, -8.58272663e-04,  0.00000000e+00,
        0.00000000e+00,  0.00000000e+00]))]
 ################
 contact droite:[(array([0.00720299, 0.10700896, 0.00999963]), array([-9.99997590e-01, -2.19470690e-03, -5.23352092e-05, -2.19470690e-03,
        9.99997592e-01, -1.14860722e-07,  5.23353353e-05,  0.00000000e+00,
       -9.99999999e-01]), array([2.77421549e+00, 1.56988374e-02, 1.27256628e-03, 0.00000000e+00,
       0.00000000e+00, 0.00000000e+00]))]
 contact gauche[(array([-0.00709605,  0.10698151,  0.01000037]), array([ 9.99997590e-01,  2.19470690e-03,  5.23352092e-05, -2.19470690e-03,
        9.99997592e-01, -1.14860722e-07, -5.23353353e-05,  0.00000000e+00,
        9.99999999e-01]), array([ 2.77366141e+00,  1.52412704e-02, -1.39832379e-03,  0.00000000e+00,
        0.00000000e+00,  0.00000000e+00]))]
 ################
 contact droite:[(array([0.00689376, 0.10710188, 0.00999975]), array([-9.99997738e-01, -2.12670204e-03, -3.58986202e-05, -2.12670203e-03,
        9.99997739e-01, -7.63458413e-08,  3.58987014e-05,  1.32348898e-23,
       -9.99999999e-01]), array([3.00817190e+00, 1.75447926e-02, 1.70118688e-03, 0.00000000e+00,
       0.00000000e+00, 0.00000000e+00]))]
 contact gauche[(array([-0.00678842,  0.10707448,  0.01000025]), array([ 9.99997738e-01,  2.12670204e-03,  3.58986202e-05, -2.12670203e-03,
        9.99997739e-01, -7.63458413e-08, -3.58987014e-05, -2.64697796e-23,
        9.99999999e-01]), array([ 3.00773591e+00,  1.73259160e-02, -1.76446316e-03,  0.00000000e+00,
        0.00000000e+00,  0.00000000e+00]))]
 ################
 contact droite:[(array([0.00659252, 0.10720627, 0.00999982]), array([-9.99997814e-01, -2.09097738e-03, -2.70743649e-05, -2.09097738e-03,
        9.99997814e-01, -5.66120083e-08,  2.70744241e-05,  0.00000000e+00,
       -1.00000000e+00]), array([3.23465672e+00, 1.91542471e-02, 1.90170323e-03, 0.00000000e+00,
       0.00000000e+00, 0.00000000e+00]))]